0  0 0
2.89364e-06  8.58202 -2.85865e-06
3.04883e-06  9.04229 -3.98869e-06
3.87025e-06  10.0423 3.94113e-07
6.5638e-06  13.4035 -0.406095
3.52704e-06  11.8817 -0.280149
-0.976716  11.5825 -0.706865
-0.977203  6.96129 -0.533373
-0.977773  1.52833 -0.112829
-0.976006  0.101926 -2.06551
0.977005  11.5825 -0.706864
0.978816  6.96124 -0.534303
0.980943  1.52821 -0.114853
0.977011  0.0995227 -2.06586
6.56746e-06  13.3893 -0.429078
7.33989e-06  14.8835 -0.257455
-0.000334428  17.2315 0.0714209
7.90178e-06  18.0485 -0.0122006
0.000166202  20.1798 1.36802e-05
0.0224441  21.7315 -1.00783
-1.51694e-05  21.4 -2.20053
0.480655  19.0067 -0.797214
0.460065  19.0025 -1.09856
-0.447424  19.0067 -0.797257
-0.436496  19.0021 -1.1008
0.16221  20.2183 -1.34064
0.155529  19.1456 -1.34685
-0.212281  20.2024 -1.29214
-0.212243  19.1296 -1.29224
-0.848346  19.5834 -1.07944
-0.848342  18.2901 -1.07944
-1.01998  18.89 -0.610016
-1.01998  17.8908 -0.610016
-1.14214  18.9578 -0.288081
-1.14214  17.6889 -0.288081
1.03624  18.89 -0.562091
1.03524  17.8908 -0.562647
1.17551  18.9085 -0.249746
1.17639  17.7127 -0.250408
0.635404  18.3425 0.405314
0.634265  17.8733 0.404938
0.483205  18.4521 0.645332
0.483912  17.8848 0.644472
0.818  18.3265 -0.138017
0.817382  17.8837 -0.138357
0.735  18.279 0.0832093
0.735908  17.8691 0.0831082
5.9481e-06  18.4614 0.799814
8.9482e-06  17.907 0.799566
-0.48321  18.4521 0.625968
-0.482833  17.885 0.626242
-0.818468  18.3265 -0.138019
-0.818625  17.8837 -0.138019
-0.734717  18.279 0.0832068
-0.734375  17.8691 0.0832458
-0.635391  18.3425 0.405315
-0.635418  17.8733 0.406049
-0.270159  16.664 -0.0639317
-1.36335  16.6865 0.0736734
-2.56057  15.8651 0.123049
-3.38466  15.2996 0.157036
-2.11161  16.1731 0.104533
-2.56057  15.8651 0.123049
-3.00953  15.557 0.141565
-3.75779  15.0436 0.439583
-4.93416  14.2492 0.314006
-5.75965  13.6917 0.225885
-4.49302  14.5471 0.361097
-4.93416  14.2492 0.314006
-5.37529  13.9512 0.266915
-6.11052  13.4547 0.18843
-6.8592  12.9113 0.180138
-6.78085  12.8769 0.500352
-7.05663  12.6702 0.512021
-7.25194  12.5164 0.520379
-7.47227  12.3428 0.529809
-6.85322  12.9572 0.31745
-7.24274  12.6825 0.340206
-7.49119  12.4966 0.350591
-7.7115  12.3319 0.355609
-6.8963  12.963 0.119435
-7.29594  12.6798 0.141886
-7.53881  12.5077 0.155528
-7.81723  12.3102 0.175791
-6.89501  12.9352 -0.0936559
-7.28027  12.6727 -0.0703366
-7.50028  12.5222 -0.0525261
-7.73287  12.3393 -0.0252699
-6.44871  12.8029 -0.207998
-6.67722  12.4562 -0.308181
-6.89191  12.1263 -0.336807
0.269658  16.6641 -0.0639673
1.36357  16.6866 0.0734208
2.56077  15.8652 0.116971
3.38499  15.2997 0.146954
2.11182  16.1732 0.10064
2.56077  15.8652 0.116971
3.00972  15.5572 0.133303
3.75797  15.0438 0.438803
4.93434  14.2494 0.312978
5.75983  13.6919 0.224684
4.4932  14.5473 0.360163
4.93434  14.2494 0.312978
5.37548  13.9515 0.265794
6.11072  13.4549 0.187154
6.85942  12.9116 0.178691
6.44873  12.8029 -0.207886
6.67728  12.4562 -0.308142
6.89195  12.1262 -0.336805
6.89505  12.9352 -0.0936435
7.28094  12.6723 -0.070366
7.50095  12.5218 -0.0526015
7.73355  12.3389 -0.0253955
6.89638  12.9631 0.119441
7.29641  12.6796 0.141831
7.53928  12.5075 0.15542
7.81771  12.31 0.175623
6.85333  12.9574 0.317464
7.24277  12.6827 0.340134
7.49123  12.4968 0.350467
7.71155  12.3321 0.355438
6.78099  12.8771 0.500396
7.05604  12.671 0.511976
7.25136  12.5171 0.520294
7.47169  12.3435 0.529675
-0.0739696  17.0675 -0.980294
-0.590497  16.9879 -1.01182
-0.0737007  17.0347 -0.906932
-0.462824  16.3285 -1.33206
0.0737157  17.0347 -0.906932
0.462839  16.3285 -1.33206
0.0739847  17.0675 -0.980294
0.590512  16.9879 -1.01182
-1.39118e-07  -0.412682 8.49561e-07
0.978052  1.52833 -0.112835
0.97672  1.52824 1.27869
0.977036  0.101628 -2.06303
0.976731  -0.714652 -2.07029
-0.977769  1.52833 -0.112832
-0.976722  1.52824 1.27869
-0.976  0.101925 -2.06551
-0.976718  -0.714653 -2.0703
